genes	enzymes	shortNames	MWs	actions	k_scores	OE	minUsage	maxUsage	pUsage	foldChange	unique	conectivity	groups	priority
YBL015W	P32316	ACH1	58.71137	OE	1000	2	1.59704540228408e-05	1.59732528396608e-05	1.59716169294187e-05	1.00485574564336	1	7	0	1
YDL205C	P28789	HEM3	36.67427	OE	1000	2	0.000231907994697957	0.000231907994699403	0.000231907994697957	1.0458288632974	1	4	0	1
YDR044W	P11353	HEM13	37.71116	OE	1000	2	0.000852618268689726	0.000852618268694954	0.000852618268689726	1.19711259063113	1	6	0	1
YDR047W	P32347	HEM12	41.34866	OE	1000	2	0.000651934678641949	0.000651934678645946	0.000651934678641949	1.16121398705736	1	4	0	1
YDR232W	P09950	HEM1	59.36171	OE	1000	2	0.000176221690148038	0.000176221690149158	0.000176221690148038	1.05696739158988	1	6	0	1
YDR300C	P32264	PRO1	47.16164	OE	1000	2	1.08876128989213e-07	1.09282080071315e-07	1.09025675289214e-07	1.00002749163555	1	4	0	1
YEL046C	P37303	GLY1	42.81463	OE	1000	2	4.67636373660189e-07	4.72571989613126e-07	4.67839584622084e-07	1.00010520319359	1	4	0	1
YER014W	P40012	HEM14	59.70226	OE	1000	2	3.30924422278473e-06	3.30924422278473e-06	3.30924422278473e-06	1.0010199527734	1	4	0	1
YER065C	P28240	ICL1	62.40816	OE	1000	2	7.23900901744707e-06	7.25588910628474e-06	7.25523910406037e-06	1.00242900754911	1	3	0	1
YER170W	P26364	ADK2	25.19373	OE	1000	2	9.91012724892894e-07	9.94934647449909e-07	9.91082640647808e-07	1.00012966178537	1	5	0	1
YFL030W	P43567	AGX1	41.90679	OE	1000	2	7.29403077009278e-07	7.31091031767243e-07	7.31040153784908e-07	1.00015854553961	1	4	0	1
YGL040C	P05373	HEM2	37.73995	OE	1000	2	4.68512173250387e-05	4.68512173250388e-05	4.68512173250387e-05	1.00919465076689	1	4	0	1
YOR176W	P16622	HEM15	44.5956	OE	1000	2	4.83148612930158e-05	4.83148612930159e-05	4.83148612930158e-05	1.01122668124055	1	4	0	1
YOR278W	P06174	HEM4	30.91124	OE	1000	2	1.62858438091035e-08	1.62858438091035e-08	1.62858438091035e-08	1.00000359369735	1	3	0	1
YOR323C	P54885	PRO2	49.73991	OE	1000	2	1.41132660846488e-08	1.41667541392631e-08	1.41331587778013e-08	1.00000462189375	1	6	0	1
YPL172C	P21592	COX10	52.14718	OE	1000	2	4.39223639944662e-06	4.39223639944663e-06	4.39223639944662e-06	1.0011824664024	1	5	0	1
YER141W	P40086	COX15	54.65792	OE	1000	2	5.61471783095314e-07	5.6620323338753e-07	5.66203233387529e-07	1.00016047272524	1	7	0	1
YPL262W	P08417	FUM1	53.15125	OE	342.368619391715	2	2.05019417257759e-07	2.08721006373163e-07	2.0708256964173e-07	1.00005766065566	1	6	0	1
YJL121C	P46969	RPE1	25.96689	OE	10.3560876261501	2	8.13087844082331e-07	8.18454975523802e-07	8.14155274471322e-07	1.00011000844986	1	2	0	1
YJL167W	P08524	ERG20	40.48289	OE	9.26019418292402	2	2.71034113628634e-05	2.71036134829696e-05	2.71034113628634e-05	1.00568535563347	1	5	0	1
YML126C	P54839	ERG13	55.01283	OE	9.26019418292402	2	0.000107757874479977	0.000107759314318917	0.000107757874479977	1.03147831304794	1	12	0	1
YMR208W	P07277	ERG12	48.45901	OE	9.26019418292402	2	2.04201284833421e-06	2.04202841194774e-06	2.04201284833421e-06	1.00051108215163	1	11	0	1
YMR220W	P24521	ERG8	50.45437	OE	9.26019418292402	2	1.31528230602379e-05	1.31529233071364e-05	1.31528230602379e-05	1.00343148968794	1	4	0	1
YPL028W	P41338	ERG10	41.72825	OE	9.26019418292402	2	4.96868527759556e-08	5.20140120764866e-08	4.96883353445184e-08	1.0000116826872	1	6	0	1
YPL117C	P15496	IDI1	33.35113	OE	9.26019418292402	2	4.98546929559406e-10	3.38069698054866e-09	4.98546929559406e-10	1.00000018134205	1	2	0	1
YNR043W	P32377	MVD1	44.11544	OE	9.26019418292402	2	9.12643222636536e-06	9.12650110034141e-06	9.12643222636536e-06	1.00207954757565	1	6	0	1
YHR137W	P38840	ARO9	58.52706	OE	5.86171487796945	2	8.25418936569223e-08	8.42012469232641e-08	8.27205957124499e-08	1.00002589596754	1	13	0	1
YNL241C	P11412	ZWF1	57.5209	OE	5.60442398621721	2	2.23464120428743e-07	2.23927685358776e-07	2.23755877110443e-07	1.00006736064644	1	5	0	1
YOL126C	P22133	MDH2	40.7305	OE	3.85624735338553	2	1.34864878009547e-08	1.64900832200062e-08	1.35145172976927e-08	1.00000396562407	1	5	0	1
YCR053W	P16120	THR4	57.47349	OE	3.18706441106827	2	5.74184825882243e-09	5.79297257987884e-09	5.74304322470848e-09	1.00000271457341	1	6	0	1
YER052C	P10869	HOM3	58.10913	OE	3.18706441106827	2	1.03184953474902e-07	1.04120821659412e-07	1.03223447763403e-07	1.00003215905238	1	4	0	1
YHR025W	P17423	THR1	38.71215	OE	3.18706441106827	2	5.74094029268287e-07	5.7929201215515e-07	5.74304322470848e-07	1.00011650353273	1	5	0	1
YJR139C	P31116	HOM6	38.50163	OE	3.18706441106827	2	1.03733047124354e-06	1.04672971880302e-06	1.03771745884235e-06	1.00020859322884	1	7	0	1
YDR158W	P13663	HOM2	39.54334	OE	3.18706441106827	2	1.23405392997073e-07	1.24524656777411e-07	1.23451430744251e-07	1.00002635874143	1	6	0	1
YOR095C	Q12189	RKI1	28.25777	OE	2.98362544241115	2	5.11579327918677e-06	5.12897722843915e-06	5.12220372454707e-06	1.00074766316057	1	2	0	1
YNR001C	P00890	CIT1	53.35945	OE	2.72351838873607	2	5.16335320897685e-07	7.32795602007741e-07	7.32734879742282e-07	1.00020210136251	1	7	0	1
YKL085W	P17505	MDH1	35.64959	OE	2.5474852667492	2	5.14756958706202e-07	5.45447844113399e-07	5.15972665398956e-07	1.00010069783462	1	5	0	1
YOR283W	Q12040	YOR283W	26.17622	OE	2.20510876911546	2	5.57955559550157e-07	5.68718117412948e-07	5.65052121380041e-07	1.00007719986475	1	4	0	1
YCR012W	P00560	PGK1	44.73787	OE	1.17093905635755	2	8.85902384305563e-07	8.88113767508899e-07	8.8602496675906e-07	1.00020520974086	1	4	0	1
YDR050C	P00942	TPI1	26.79508	OE	1.06676923323887	2	2.47983342199831e-08	2.84192749738308e-08	2.48040329740858e-08	1.00000442376582	1	2	0	1
YMR205C	P16862	PFK2	104.61673	OE	1.06002676830617	2	5.9968683653683e-07	6.03112285760973e-07	6.02944936652481e-07	1.00032592356861	1	9	0	1
YBR263W	P37292	SHM1	53.68589	deletion	0	0	0	2.02824295462951e-09	0	1.0000021220235	1	5	0	1
YCL040W	P17709	GLK1	55.37689	deletion	0	0	0	2.12928760220669e-09	0	1.0000022150235	1	6	0	1
YMR246W	P47912	FAA4	77.26612	deletion	0	0	0	1.32277315200545e-09	0	1.00000205316477	1	48	0	1
YLR446W	Q06204	YLR446W	48.96875	deletion	0	0	0	1.96389752325865e-09	0	1.00000199096819	1	20	0	1
YMR319C	P40988	FET4	62.7913	OE	1000	2	0	1.21599853938467e-09	1.21599853938466e-09	1.00000139339214	0	3	3	2
YOL086C	P00330	ADH1	36.84874	OE	1000	2	7.33022497130439e-08	8.15925210185088e-08	8.10591610065302e-08	1.00001642173815	0	21	1	2
YPR074C	P23254	TKL1	73.80488	OE	39.2624713402774	2	1.26085217236356e-06	1.34145898174675e-06	1.3392278760998e-06	1.00051082119548	0	10	4	2
YLR450W	P12684	HMG2	115.69085	OE	9.26019418292402	2	0	9.66377314266834e-07	9.66364388464401e-07	1.00057733588936	0	7	5	2
YHR163W	P38858	SOL3	27.78417	OE	5.60442398621721	2	1.40225552862604e-05	1.41701764491799e-05	1.41592608933957e-05	1.00203263853968	0	5	6	2
YHR183W	P38720	GND1	53.54274	OE	5.60442398621721	2	3.63695468764406e-06	3.89289291911943e-06	3.8898973164292e-06	1.00107574863784	0	6	7	2
YBR221C	P32473	PDB1	40.0532	OE	3.52976819738561	2	3.46076902916291e-06	3.46410510536729e-06	3.4639823604624e-06	1.00071572397072	0	6	8	2
YLR044C	P06169	PDC1	61.49468	OE	2.8334156536697	2	4.14932105573885e-07	4.1674578841286e-07	4.16329361852666e-07	1.00013272010399	0	17	9	2
YGL062W	P11154	PYC1	130.09827	OE	2.45330319929326	2	1.09021373046312e-06	2.52369694556238e-06	2.51415704720367e-06	1.0017392352039	0	8	10	2
YAL038W	P00549	CDC19	54.54404	OE	2.36561367992641	2	1.86215481858183e-06	2.01166913553951e-06	2.01141157767274e-06	1.00056618308429	0	6	11	2
YGR254W	P00924	ENO1	46.81564	OE	2.20510876911546	2	1.85042761439829e-06	2.04836425546926e-06	2.04645215028134e-06	1.00049455595602	0	5	12	2
YJL052W	P00360	TDH1	35.74956	OE	1.17093905635755	2	1.63926763598501e-05	1.63995645076224e-05	1.63974449544995e-05	1.0030202768234	0	8	13	2
YFR053C	P04806	HXK1	53.73784	deletion	0	0	0	2.20957868758446e-09	0	1.00000222352111	0	12	17	2
YGL253W	P04807	HXK2	53.9419	deletion	0	0	0	1.95243959032313e-09	0	1.00000208523972	0	12	17	2
YGR180C	P49723	RNR4	40.05407	deletion	0	0	0	2.46440414350034e-09	0	1.00000201713932	0	24	16	2
YIL066C	P21672	RNR3	97.51369	deletion	0	0	0	1.00531217645603e-09	0	1.00000201015588	0	24	16	2
YIL125W	P20967	KGD1	114.41496	deletion	0	0	0	5.97923366123369e-10	0	1.00000170493714	0	11	15	2
YJL026W	P09938	RNR2	46.14681	deletion	0	0	0	2.15172123685048e-09	0	1.00000202317413	0	24	16	2
YMR189W	P49095	GCV2	114.45033	deletion	0	0	0	1.72046803856387e-11	0	1.00000102029114	0	18	14	2
